51
3
17 24 10 
3
19 14 28 
3
28 12 14 
3
15 15 11 
3
17 11 21 
3
25 12 17 
3
26 21 14 
3
12 23 22 
3
12 11 26 
3
28 25 17 
3
16 21 28 
3
19 22 17 
3
29 25 24 
3
13 21 12 
3
23 23 14 
3
11 21 23 
3
18 17 14 
3
12 27 27 
3
29 13 11 
3
19 28 26 
3
25 20 12 
3
18 16 10 
3
12 14 18 
3
16 15 20 
3
19 20 20 
3
16 11 23 
3
18 19 13 
3
14 24 26 
3
10 16 26 
3
21 18 14 
3
29 16 13 
3
27 28 28 
3
12 19 11 
3
23 25 29 
3
28 14 20 
3
27 16 23 
3
16 11 15 
3
14 22 20 
3
19 27 23 
3
27 22 16 
3
20 11 26 
3
25 17 25 
3
24 21 22 
3
20 20 11 
3
14 16 20 
3
17 21 17 
3
27 27 17 
3
23 13 15 
3
19 19 28 
3
11 18 12 
3
16 16 20 
2
1
2
3
2
1
1
1
1
1
1
1
1
1
3
2
1
4
2
1
1
2
2
1
1
1
1
2
2
1
1
1
1
2
2
1
1
2
3
1
2
4
1
3
2
3
4
2
3
1
3
